-0.49057,0.068743,0.86869,-0.35009,0.89735,-0.26872,-0.79798,-0.43594,-0.41615,0.64,-0.14656,0.24864,0
-0.49057,0.068743,0.86869,-0.35009,0.89735,-0.26872,-0.79798,-0.43594,-0.41615,0.64,-0.14656,0.24864,0
-0.49057,0.068743,0.86869,-0.35009,0.89735,-0.26872,-0.79798,-0.43594,-0.41615,0.64,-0.14656,0.24864,0
-0.49057,0.068743,0.86868,-0.35009,0.89735,-0.26872,-0.79798,-0.43594,-0.41615,0.64,-0.14656,0.24864,0
-0.49057,0.068742,0.86868,-0.35009,0.89735,-0.26872,-0.79798,-0.43594,-0.41615,0.64,-0.14656,0.24864,0
-0.49057,0.068742,0.86868,-0.35009,0.89735,-0.26872,-0.79798,-0.43594,-0.41615,0.64,-0.14656,0.24864,0
-0.49057,0.068742,0.86868,-0.35009,0.89735,-0.26871,-0.79798,-0.43594,-0.41615,0.64,-0.14656,0.24864,0
-0.49058,0.068741,0.86868,-0.35008,0.89735,-0.26871,-0.79798,-0.43594,-0.41615,0.64001,-0.14656,0.24864,0
-0.49058,0.068741,0.86868,-0.35008,0.89735,-0.26871,-0.79798,-0.43594,-0.41615,0.64001,-0.14656,0.24864,0
-0.49058,0.06874,0.86868,-0.35008,0.89735,-0.26871,-0.79798,-0.43593,-0.41616,0.64001,-0.14656,0.24864,0
-0.49058,0.068739,0.86868,-0.35008,0.89735,-0.26871,-0.79798,-0.43593,-0.41616,0.64001,-0.14656,0.24864,0
-0.49058,0.068739,0.86868,-0.35008,0.89735,-0.26871,-0.79798,-0.43593,-0.41616,0.64001,-0.14656,0.24864,0
-0.49058,0.068738,0.86868,-0.35008,0.89735,-0.26871,-0.79798,-0.43593,-0.41616,0.64001,-0.14656,0.24864,0
-0.49059,0.068737,0.86868,-0.35008,0.89735,-0.26871,-0.79798,-0.43593,-0.41617,0.64001,-0.14656,0.24864,0
-0.49059,0.068736,0.86868,-0.35007,0.89735,-0.26871,-0.79798,-0.43593,-0.41617,0.64002,-0.14656,0.24864,0
-0.49059,0.068735,0.86867,-0.35007,0.89735,-0.26871,-0.79798,-0.43592,-0.41617,0.64002,-0.14656,0.24864,0
-0.49059,0.068734,0.86867,-0.35007,0.89736,-0.26871,-0.79798,-0.43592,-0.41618,0.64002,-0.14656,0.24864,0
-0.4906,0.068733,0.86867,-0.35007,0.89736,-0.26871,-0.79798,-0.43592,-0.41618,0.64002,-0.14656,0.24864,0
-0.4906,0.068732,0.86867,-0.35006,0.89736,-0.26871,-0.79798,-0.43592,-0.41618,0.64002,-0.14656,0.24863,0
-0.4906,0.06873,0.86867,-0.35006,0.89736,-0.26871,-0.79798,-0.43592,-0.41619,0.64003,-0.14655,0.24863,0
-0.49061,0.068729,0.86867,-0.35006,0.89736,-0.26871,-0.79798,-0.43591,-0.41619,0.64003,-0.14655,0.24863,0
-0.49061,0.068727,0.86867,-0.35006,0.89736,-0.2687,-0.79798,-0.43591,-0.4162,0.64003,-0.14655,0.24863,0
-0.49061,0.068726,0.86866,-0.35005,0.89736,-0.2687,-0.79797,-0.43591,-0.4162,0.64003,-0.14655,0.24863,0
-0.49062,0.068724,0.86866,-0.35005,0.89737,-0.2687,-0.79797,-0.4359,-0.41621,0.64004,-0.14655,0.24863,0
-0.49062,0.068723,0.86866,-0.35005,0.89737,-0.2687,-0.79797,-0.4359,-0.41621,0.64004,-0.14655,0.24863,0
-0.49062,0.068721,0.86866,-0.35004,0.89737,-0.2687,-0.79797,-0.4359,-0.41622,0.64004,-0.14655,0.24863,0
-0.49063,0.068719,0.86865,-0.35004,0.89737,-0.2687,-0.79797,-0.43589,-0.41622,0.64005,-0.14655,0.24863,0
-0.49063,0.068717,0.86865,-0.35003,0.89737,-0.2687,-0.79797,-0.43589,-0.41623,0.64005,-0.14654,0.24862,0
-0.49064,0.068716,0.86865,-0.35003,0.89738,-0.26869,-0.79797,-0.43589,-0.41623,0.64005,-0.14654,0.24862,0
-0.49064,0.068714,0.86865,-0.35003,0.89738,-0.26869,-0.79797,-0.43588,-0.41624,0.64006,-0.14654,0.24862,0
-0.49065,0.068712,0.86864,-0.35002,0.89738,-0.26869,-0.79797,-0.43588,-0.41625,0.64006,-0.14654,0.24862,0
-0.49065,0.068709,0.86864,-0.35002,0.89738,-0.26869,-0.79796,-0.43587,-0.41625,0.64007,-0.14654,0.24862,0
-0.49066,0.068707,0.86864,-0.35001,0.89738,-0.26869,-0.79796,-0.43587,-0.41626,0.64007,-0.14654,0.24862,0
-0.49066,0.068705,0.86864,-0.35001,0.89739,-0.26869,-0.79796,-0.43586,-0.41627,0.64008,-0.14653,0.24862,0
-0.49067,0.068703,0.86863,-0.35,0.89739,-0.26868,-0.79796,-0.43586,-0.41627,0.64008,-0.14653,0.24861,0
-0.49067,0.0687,0.86863,-0.35,0.89739,-0.26868,-0.79796,-0.43585,-0.41628,0.64008,-0.14653,0.24861,0
-0.49068,0.068698,0.86863,-0.34999,0.89739,-0.26868,-0.79796,-0.43585,-0.41629,0.64009,-0.14653,0.24861,0
-0.49069,0.068695,0.86862,-0.34999,0.8974,-0.26868,-0.79796,-0.43584,-0.4163,0.64009,-0.14653,0.24861,0
-0.49069,0.068693,0.86862,-0.34998,0.8974,-0.26868,-0.79796,-0.43584,-0.41631,0.6401,-0.14652,0.24861,0
-0.4907,0.06869,0.86862,-0.34998,0.8974,-0.26867,-0.79795,-0.43583,-0.41631,0.6401,-0.14652,0.2486,0
-0.49071,0.068687,0.86861,-0.34997,0.8974,-0.26867,-0.79795,-0.43583,-0.41632,0.64011,-0.14652,0.2486,0
-0.49071,0.068685,0.86861,-0.34996,0.89741,-0.26867,-0.79795,-0.43582,-0.41633,0.64011,-0.14652,0.2486,0
-0.49072,0.068682,0.86861,-0.34996,0.89741,-0.26867,-0.79795,-0.43582,-0.41634,0.64012,-0.14652,0.2486,0
-0.49073,0.068679,0.8686,-0.34995,0.89741,-0.26867,-0.79795,-0.43581,-0.41635,0.64013,-0.14651,0.2486,0
-0.49073,0.068676,0.8686,-0.34995,0.89742,-0.26866,-0.79795,-0.43581,-0.41636,0.64013,-0.14651,0.24859,0
-0.49074,0.068673,0.86859,-0.34994,0.89742,-0.26866,-0.79794,-0.4358,-0.41637,0.64014,-0.14651,0.24859,0
-0.49075,0.06867,0.86859,-0.34993,0.89742,-0.26866,-0.79794,-0.43579,-0.41638,0.64014,-0.14651,0.24859,0
-0.49076,0.068666,0.86859,-0.34993,0.89743,-0.26866,-0.79794,-0.43579,-0.41639,0.64015,-0.1465,0.24859,0
-0.49076,0.068663,0.86858,-0.34992,0.89743,-0.26865,-0.79794,-0.43578,-0.4164,0.64016,-0.1465,0.24859,0
-0.49077,0.06866,0.86858,-0.34991,0.89743,-0.26865,-0.79794,-0.43577,-0.41641,0.64016,-0.1465,0.24858,0
-0.49078,0.068656,0.86857,-0.3499,0.89744,-0.26865,-0.79794,-0.43577,-0.41642,0.64017,-0.1465,0.24858,0
-0.49079,0.068653,0.86857,-0.3499,0.89744,-0.26865,-0.79793,-0.43576,-0.41643,0.64018,-0.14649,0.24858,0
-0.4908,0.068649,0.86856,-0.34989,0.89745,-0.26864,-0.79793,-0.43575,-0.41644,0.64018,-0.14649,0.24858,0
-0.49081,0.068646,0.86856,-0.34988,0.89745,-0.26864,-0.79793,-0.43574,-0.41646,0.64019,-0.14649,0.24857,0
-0.49082,0.068642,0.86856,-0.34987,0.89745,-0.26864,-0.79793,-0.43574,-0.41647,0.6402,-0.14648,0.24857,0
-0.49082,0.068638,0.86855,-0.34987,0.89746,-0.26863,-0.79793,-0.43573,-0.41648,0.6402,-0.14648,0.24857,0
-0.49083,0.068634,0.86855,-0.34986,0.89746,-0.26863,-0.79792,-0.43572,-0.41649,0.64021,-0.14648,0.24856,0
-0.49084,0.06863,0.86854,-0.34985,0.89746,-0.26863,-0.79792,-0.43571,-0.4165,0.64022,-0.14648,0.24856,0
-0.49085,0.068627,0.86854,-0.34984,0.89747,-0.26863,-0.79792,-0.43571,-0.41652,0.64023,-0.14647,0.24856,0
-0.49086,0.068623,0.86853,-0.34983,0.89747,-0.26862,-0.79792,-0.4357,-0.41653,0.64023,-0.14647,0.24856,0
-0.49087,0.068618,0.86853,-0.34982,0.89748,-0.26862,-0.79791,-0.43569,-0.41654,0.64024,-0.14647,0.24855,0
-0.49088,0.068614,0.86852,-0.34982,0.89748,-0.26862,-0.79791,-0.43568,-0.41656,0.64025,-0.14646,0.24855,0
-0.49089,0.06861,0.86851,-0.34981,0.89749,-0.26861,-0.79791,-0.43567,-0.41657,0.64026,-0.14646,0.24855,0
-0.4909,0.068606,0.86851,-0.3498,0.89749,-0.26861,-0.79791,-0.43566,-0.41658,0.64027,-0.14646,0.24854,0
-0.49091,0.068601,0.8685,-0.34979,0.8975,-0.26861,-0.7979,-0.43566,-0.4166,0.64028,-0.14645,0.24854,0
-0.49092,0.068597,0.8685,-0.34978,0.8975,-0.2686,-0.7979,-0.43565,-0.41661,0.64028,-0.14645,0.24854,0
-0.49094,0.068592,0.86849,-0.34977,0.89751,-0.2686,-0.7979,-0.43564,-0.41663,0.64029,-0.14645,0.24853,0
-0.49095,0.068588,0.86849,-0.34976,0.89751,-0.2686,-0.7979,-0.43563,-0.41664,0.6403,-0.14644,0.24853,0
-0.49096,0.068583,0.86848,-0.34975,0.89751,-0.26859,-0.79789,-0.43562,-0.41665,0.64031,-0.14644,0.24853,0
-0.49097,0.068579,0.86847,-0.34974,0.89752,-0.26859,-0.79789,-0.43561,-0.41667,0.64032,-0.14643,0.24852,0
-0.49098,0.068574,0.86847,-0.34973,0.89752,-0.26858,-0.79789,-0.4356,-0.41668,0.64033,-0.14643,0.24852,0
-0.49099,0.068569,0.86846,-0.34972,0.89753,-0.26858,-0.79789,-0.43559,-0.4167,0.64034,-0.14643,0.24852,0
-0.491,0.068564,0.86846,-0.34971,0.89754,-0.26858,-0.79788,-0.43558,-0.41672,0.64035,-0.14642,0.24851,0
-0.49102,0.068559,0.86845,-0.3497,0.89754,-0.26857,-0.79788,-0.43557,-0.41673,0.64036,-0.14642,0.24851,0
-0.49103,0.068554,0.86844,-0.34969,0.89755,-0.26857,-0.79788,-0.43556,-0.41675,0.64037,-0.14642,0.24851,0
-0.49104,0.068549,0.86844,-0.34968,0.89755,-0.26857,-0.79788,-0.43555,-0.41676,0.64038,-0.14641,0.2485,0
-0.49105,0.068544,0.86843,-0.34967,0.89756,-0.26856,-0.79787,-0.43554,-0.41678,0.64039,-0.14641,0.2485,0
-0.49107,0.068539,0.86842,-0.34966,0.89756,-0.26856,-0.79787,-0.43553,-0.4168,0.6404,-0.1464,0.2485,0
-0.49108,0.068533,0.86842,-0.34964,0.89757,-0.26855,-0.79787,-0.43552,-0.41681,0.64041,-0.1464,0.24849,0
-0.49109,0.068528,0.86841,-0.34963,0.89757,-0.26855,-0.79786,-0.43551,-0.41683,0.64042,-0.14639,0.24849,0
-0.4911,0.068522,0.8684,-0.34962,0.89758,-0.26855,-0.79786,-0.4355,-0.41685,0.64043,-0.14639,0.24848,0
-0.49112,0.068517,0.86839,-0.34961,0.89758,-0.26854,-0.79786,-0.43548,-0.41687,0.64044,-0.14639,0.24848,0
-0.49113,0.068511,0.86839,-0.3496,0.89759,-0.26854,-0.79785,-0.43547,-0.41688,0.64045,-0.14638,0.24848,0
-0.49114,0.068506,0.86838,-0.34959,0.8976,-0.26853,-0.79785,-0.43546,-0.4169,0.64046,-0.14638,0.24847,0
-0.49116,0.0685,0.86837,-0.34957,0.8976,-0.26853,-0.79785,-0.43545,-0.41692,0.64047,-0.14637,0.24847,0
-0.49117,0.068494,0.86837,-0.34956,0.89761,-0.26852,-0.79784,-0.43544,-0.41694,0.64048,-0.14637,0.24846,0
-0.49119,0.068488,0.86836,-0.34955,0.89762,-0.26852,-0.79784,-0.43543,-0.41696,0.64049,-0.14636,0.24846,0
-0.4912,0.068483,0.86835,-0.34954,0.89762,-0.26851,-0.79784,-0.43542,-0.41697,0.64051,-0.14636,0.24846,0
-0.49122,0.068477,0.86834,-0.34952,0.89763,-0.26851,-0.79783,-0.4354,-0.41699,0.64052,-0.14635,0.24845,0
-0.49123,0.068471,0.86833,-0.34951,0.89763,-0.2685,-0.79783,-0.43539,-0.41701,0.64053,-0.14635,0.24845,0
-0.49124,0.068464,0.86833,-0.3495,0.89764,-0.2685,-0.79783,-0.43538,-0.41703,0.64054,-0.14634,0.24844,0
-0.49126,0.068458,0.86832,-0.34949,0.89765,-0.2685,-0.79782,-0.43537,-0.41705,0.64055,-0.14634,0.24844,0
-0.49127,0.068452,0.86831,-0.34947,0.89765,-0.26849,-0.79782,-0.43535,-0.41707,0.64056,-0.14633,0.24843,0
-0.49129,0.068446,0.8683,-0.34946,0.89766,-0.26849,-0.79782,-0.43534,-0.41709,0.64058,-0.14633,0.24843,0
-0.49131,0.068439,0.86829,-0.34945,0.89767,-0.26848,-0.79781,-0.43533,-0.41711,0.64059,-0.14632,0.24842,0
-0.49132,0.068433,0.86829,-0.34943,0.89767,-0.26848,-0.79781,-0.43531,-0.41713,0.6406,-0.14632,0.24842,0
-0.49134,0.068426,0.86828,-0.34942,0.89768,-0.26847,-0.79781,-0.4353,-0.41715,0.64061,-0.14631,0.24842,0
-0.49135,0.06842,0.86827,-0.3494,0.89769,-0.26847,-0.7978,-0.43529,-0.41717,0.64063,-0.14631,0.24841,0
-0.49137,0.068413,0.86826,-0.34939,0.89769,-0.26846,-0.7978,-0.43527,-0.4172,0.64064,-0.1463,0.24841,0
-0.49138,0.068407,0.86825,-0.34938,0.8977,-0.26846,-0.7978,-0.43526,-0.41722,0.64065,-0.1463,0.2484,0
-0.4914,0.0684,0.86824,-0.34936,0.89771,-0.26845,-0.79779,-0.43525,-0.41724,0.64067,-0.14629,0.2484,0
-0.49142,0.068393,0.86823,-0.34935,0.89772,-0.26844,-0.79779,-0.43523,-0.41726,0.64068,-0.14629,0.24839,0
-0.49143,0.068386,0.86823,-0.34933,0.89772,-0.26844,-0.79778,-0.43522,-0.41728,0.64069,-0.14628,0.24839,0
-0.49145,0.068379,0.86822,-0.34932,0.89773,-0.26843,-0.79778,-0.43521,-0.4173,0.64071,-0.14628,0.24838,0
-0.49147,0.068372,0.86821,-0.3493,0.89774,-0.26843,-0.79778,-0.43519,-0.41733,0.64072,-0.14627,0.24838,0
-0.49148,0.068365,0.8682,-0.34929,0.89775,-0.26842,-0.79777,-0.43518,-0.41735,0.64073,-0.14627,0.24837,0
-0.4915,0.068358,0.86819,-0.34927,0.89775,-0.26842,-0.79777,-0.43516,-0.41737,0.64075,-0.14626,0.24837,0
-0.49152,0.068351,0.86818,-0.34926,0.89776,-0.26841,-0.79776,-0.43515,-0.4174,0.64076,-0.14625,0.24836,0
-0.49154,0.068343,0.86817,-0.34924,0.89777,-0.26841,-0.79776,-0.43513,-0.41742,0.64078,-0.14625,0.24836,0
-0.49156,0.068336,0.86816,-0.34923,0.89778,-0.2684,-0.79776,-0.43512,-0.41744,0.64079,-0.14624,0.24835,0
-0.49157,0.068329,0.86815,-0.34921,0.89778,-0.26839,-0.79775,-0.4351,-0.41747,0.6408,-0.14624,0.24835,0
-0.49159,0.068321,0.86814,-0.3492,0.89779,-0.26839,-0.79775,-0.43509,-0.41749,0.64082,-0.14623,0.24834,0
-0.49161,0.068314,0.86813,-0.34918,0.8978,-0.26838,-0.79774,-0.43507,-0.41751,0.64083,-0.14623,0.24833,0
-0.49163,0.068306,0.86812,-0.34916,0.89781,-0.26838,-0.79774,-0.43506,-0.41754,0.64085,-0.14622,0.24833,0
-0.49165,0.068298,0.86811,-0.34915,0.89782,-0.26837,-0.79773,-0.43504,-0.41756,0.64086,-0.14621,0.24832,0
-0.49167,0.06829,0.8681,-0.34913,0.89782,-0.26836,-0.79773,-0.43503,-0.41759,0.64088,-0.14621,0.24832,0
-0.49168,0.068283,0.86809,-0.34911,0.89783,-0.26836,-0.79773,-0.43501,-0.41761,0.64089,-0.1462,0.24831,0
-0.4917,0.068275,0.86808,-0.3491,0.89784,-0.26835,-0.79772,-0.43499,-0.41764,0.64091,-0.1462,0.24831,0
-0.49172,0.068267,0.86807,-0.34908,0.89785,-0.26835,-0.79772,-0.43498,-0.41766,0.64092,-0.14619,0.2483,0
-0.49174,0.068259,0.86806,-0.34906,0.89786,-0.26834,-0.79771,-0.43496,-0.41769,0.64094,-0.14618,0.24829,0
-0.49176,0.068251,0.86805,-0.34905,0.89787,-0.26833,-0.79771,-0.43495,-0.41771,0.64095,-0.14618,0.24829,0
-0.49178,0.068243,0.86804,-0.34903,0.89787,-0.26833,-0.7977,-0.43493,-0.41774,0.64097,-0.14617,0.24828,0
-0.4918,0.068234,0.86803,-0.34901,0.89788,-0.26832,-0.7977,-0.43491,-0.41777,0.64099,-0.14616,0.24828,0
-0.49182,0.068226,0.86802,-0.34899,0.89789,-0.26831,-0.79769,-0.4349,-0.41779,0.641,-0.14616,0.24827,0
-0.49184,0.068218,0.86801,-0.34898,0.8979,-0.26831,-0.79769,-0.43488,-0.41782,0.64102,-0.14615,0.24827,0
-0.49186,0.068209,0.868,-0.34896,0.89791,-0.2683,-0.79768,-0.43486,-0.41784,0.64104,-0.14614,0.24826,0
-0.49188,0.068201,0.86799,-0.34894,0.89792,-0.2683,-0.79768,-0.43485,-0.41787,0.64105,-0.14614,0.24825,0
-0.4919,0.068192,0.86798,-0.34892,0.89793,-0.26829,-0.79767,-0.43483,-0.4179,0.64107,-0.14613,0.24825,0
-0.49192,0.068184,0.86796,-0.3489,0.89794,-0.26828,-0.79767,-0.43481,-0.41793,0.64108,-0.14612,0.24824,0
-0.49194,0.068175,0.86795,-0.34889,0.89795,-0.26827,-0.79766,-0.43479,-0.41795,0.6411,-0.14612,0.24823,0
-0.49197,0.068166,0.86794,-0.34887,0.89796,-0.26827,-0.79766,-0.43478,-0.41798,0.64112,-0.14611,0.24823,0
-0.49199,0.068158,0.86793,-0.34885,0.89796,-0.26826,-0.79766,-0.43476,-0.41801,0.64114,-0.1461,0.24822,0
-0.49201,0.068149,0.86792,-0.34883,0.89797,-0.26825,-0.79765,-0.43474,-0.41804,0.64115,-0.1461,0.24822,0
-0.49203,0.06814,0.86791,-0.34881,0.89798,-0.26825,-0.79764,-0.43472,-0.41807,0.64117,-0.14609,0.24821,0
-0.49205,0.068131,0.8679,-0.34879,0.89799,-0.26824,-0.79764,-0.4347,-0.4181,0.64119,-0.14608,0.2482,0
-0.49207,0.068122,0.86788,-0.34877,0.898,-0.26823,-0.79763,-0.43469,-0.41812,0.64121,-0.14607,0.2482,0
-0.4921,0.068113,0.86787,-0.34875,0.89801,-0.26823,-0.79763,-0.43467,-0.41815,0.64122,-0.14607,0.24819,0
-0.49212,0.068104,0.86786,-0.34873,0.89802,-0.26822,-0.79762,-0.43465,-0.41818,0.64124,-0.14606,0.24818,0
-0.49214,0.068094,0.86785,-0.34871,0.89803,-0.26821,-0.79762,-0.43463,-0.41821,0.64126,-0.14605,0.24818,0
-0.49216,0.068085,0.86784,-0.34869,0.89804,-0.2682,-0.79761,-0.43461,-0.41824,0.64128,-0.14605,0.24817,0
-0.49219,0.068076,0.86782,-0.34867,0.89805,-0.2682,-0.79761,-0.43459,-0.41827,0.64129,-0.14604,0.24816,0
-0.49221,0.068066,0.86781,-0.34865,0.89806,-0.26819,-0.7976,-0.43457,-0.4183,0.64131,-0.14603,0.24816,0
-0.49223,0.068057,0.8678,-0.34863,0.89807,-0.26818,-0.7976,-0.43455,-0.41833,0.64133,-0.14602,0.24815,0
-0.49225,0.068047,0.86779,-0.34861,0.89808,-0.26817,-0.79759,-0.43453,-0.41836,0.64135,-0.14602,0.24814,0
-0.49228,0.068038,0.86778,-0.34859,0.89809,-0.26817,-0.79759,-0.43451,-0.41839,0.64137,-0.14601,0.24814,0
-0.4923,0.068028,0.86776,-0.34857,0.8981,-0.26816,-0.79758,-0.43449,-0.41842,0.64139,-0.146,0.24813,0
-0.49232,0.068018,0.86775,-0.34855,0.89811,-0.26815,-0.79758,-0.43447,-0.41845,0.64141,-0.14599,0.24812,0
-0.49235,0.068008,0.86774,-0.34853,0.89812,-0.26814,-0.79757,-0.43445,-0.41849,0.64143,-0.14598,0.24811,0
-0.49237,0.067998,0.86772,-0.34851,0.89813,-0.26814,-0.79756,-0.43443,-0.41852,0.64144,-0.14598,0.24811,0
-0.4924,0.067989,0.86771,-0.34849,0.89814,-0.26813,-0.79756,-0.43441,-0.41855,0.64146,-0.14597,0.2481,0
-0.49242,0.067979,0.8677,-0.34847,0.89815,-0.26812,-0.79755,-0.43439,-0.41858,0.64148,-0.14596,0.24809,0
-0.49245,0.067968,0.86769,-0.34845,0.89816,-0.26811,-0.79755,-0.43437,-0.41861,0.6415,-0.14595,0.24809,0
-0.49247,0.067958,0.86767,-0.34843,0.89818,-0.26811,-0.79754,-0.43435,-0.41865,0.64152,-0.14594,0.24808,0
-0.49249,0.067948,0.86766,-0.3484,0.89819,-0.2681,-0.79754,-0.43433,-0.41868,0.64154,-0.14594,0.24807,0
-0.49252,0.067938,0.86765,-0.34838,0.8982,-0.26809,-0.79753,-0.43431,-0.41871,0.64156,-0.14593,0.24806,0
-0.49254,0.067928,0.86763,-0.34836,0.89821,-0.26808,-0.79752,-0.43429,-0.41874,0.64158,-0.14592,0.24806,0
-0.49257,0.067917,0.86762,-0.34834,0.89822,-0.26807,-0.79752,-0.43427,-0.41878,0.6416,-0.14591,0.24805,0
-0.49259,0.067907,0.86761,-0.34832,0.89823,-0.26806,-0.79751,-0.43425,-0.41881,0.64162,-0.1459,0.24804,0
-0.49262,0.067896,0.86759,-0.34829,0.89824,-0.26806,-0.79751,-0.43423,-0.41884,0.64164,-0.1459,0.24803,0
-0.49265,0.067886,0.86758,-0.34827,0.89825,-0.26805,-0.7975,-0.43421,-0.41888,0.64166,-0.14589,0.24803,0
-0.49267,0.067875,0.86756,-0.34825,0.89826,-0.26804,-0.79749,-0.43418,-0.41891,0.64168,-0.14588,0.24802,0
-0.4927,0.067864,0.86755,-0.34823,0.89827,-0.26803,-0.79749,-0.43416,-0.41895,0.64171,-0.14587,0.24801,0
-0.49272,0.067854,0.86754,-0.3482,0.89829,-0.26802,-0.79748,-0.43414,-0.41898,0.64173,-0.14586,0.248,0
-0.49275,0.067843,0.86752,-0.34818,0.8983,-0.26801,-0.79748,-0.43412,-0.41901,0.64175,-0.14585,0.24799,0
-0.49278,0.067832,0.86751,-0.34816,0.89831,-0.26801,-0.79747,-0.4341,-0.41905,0.64177,-0.14584,0.24799,0
-0.4928,0.067821,0.86749,-0.34813,0.89832,-0.268,-0.79746,-0.43407,-0.41908,0.64179,-0.14584,0.24798,0
-0.49283,0.06781,0.86748,-0.34811,0.89833,-0.26799,-0.79746,-0.43405,-0.41912,0.64181,-0.14583,0.24797,0
-0.49286,0.067799,0.86747,-0.34809,0.89834,-0.26798,-0.79745,-0.43403,-0.41916,0.64183,-0.14582,0.24796,0
-0.49288,0.067788,0.86745,-0.34806,0.89836,-0.26797,-0.79744,-0.43401,-0.41919,0.64185,-0.14581,0.24796,0
-0.49291,0.067776,0.86744,-0.34804,0.89837,-0.26796,-0.79744,-0.43398,-0.41923,0.64188,-0.1458,0.24795,0
-0.49294,0.067765,0.86742,-0.34802,0.89838,-0.26795,-0.79743,-0.43396,-0.41926,0.6419,-0.14579,0.24794,0
-0.49297,0.067754,0.86741,-0.34799,0.89839,-0.26794,-0.79743,-0.43394,-0.4193,0.64192,-0.14578,0.24793,0
-0.49299,0.067742,0.86739,-0.34797,0.8984,-0.26794,-0.79742,-0.43391,-0.41933,0.64194,-0.14577,0.24792,0
-0.49302,0.067731,0.86738,-0.34794,0.89842,-0.26793,-0.79741,-0.43389,-0.41937,0.64196,-0.14576,0.24791,0
-0.49305,0.067719,0.86736,-0.34792,0.89843,-0.26792,-0.79741,-0.43387,-0.41941,0.64199,-0.14576,0.24791,0
-0.49308,0.067708,0.86735,-0.34789,0.89844,-0.26791,-0.7974,-0.43384,-0.41945,0.64201,-0.14575,0.2479,0
-0.49311,0.067696,0.86733,-0.34787,0.89845,-0.2679,-0.79739,-0.43382,-0.41948,0.64203,-0.14574,0.24789,0
-0.49313,0.067684,0.86732,-0.34784,0.89846,-0.26789,-0.79739,-0.4338,-0.41952,0.64206,-0.14573,0.24788,0
-0.49316,0.067673,0.8673,-0.34782,0.89848,-0.26788,-0.79738,-0.43377,-0.41956,0.64208,-0.14572,0.24787,0
-0.49319,0.067661,0.86729,-0.34779,0.89849,-0.26787,-0.79737,-0.43375,-0.4196,0.6421,-0.14571,0.24786,0
-0.49322,0.067649,0.86727,-0.34777,0.8985,-0.26786,-0.79737,-0.43372,-0.41963,0.64212,-0.1457,0.24785,0
-0.49325,0.067637,0.86725,-0.34774,0.89852,-0.26785,-0.79736,-0.4337,-0.41967,0.64215,-0.14569,0.24785,0
-0.49328,0.067625,0.86724,-0.34772,0.89853,-0.26784,-0.79735,-0.43368,-0.41971,0.64217,-0.14568,0.24784,0
-0.49331,0.067613,0.86722,-0.34769,0.89854,-0.26783,-0.79734,-0.43365,-0.41975,0.64219,-0.14567,0.24783,0
-0.49334,0.067601,0.86721,-0.34767,0.89855,-0.26782,-0.79734,-0.43363,-0.41979,0.64222,-0.14566,0.24782,0
-0.49337,0.067589,0.86719,-0.34764,0.89857,-0.26781,-0.79733,-0.4336,-0.41983,0.64224,-0.14565,0.24781,0
-0.4934,0.067576,0.86718,-0.34761,0.89858,-0.26781,-0.79732,-0.43358,-0.41987,0.64227,-0.14564,0.2478,0
-0.49343,0.067564,0.86716,-0.34759,0.89859,-0.2678,-0.79732,-0.43355,-0.4199,0.64229,-0.14563,0.24779,0
-0.49346,0.067552,0.86714,-0.34756,0.89861,-0.26779,-0.79731,-0.43353,-0.41994,0.64231,-0.14562,0.24778,0
-0.49349,0.067539,0.86713,-0.34753,0.89862,-0.26778,-0.7973,-0.4335,-0.41998,0.64234,-0.14561,0.24778,0
-0.49352,0.067527,0.86711,-0.34751,0.89863,-0.26777,-0.79729,-0.43348,-0.42002,0.64236,-0.1456,0.24777,0
-0.49355,0.067514,0.86709,-0.34748,0.89865,-0.26776,-0.79729,-0.43345,-0.42006,0.64239,-0.14559,0.24776,0
-0.49358,0.067501,0.86708,-0.34745,0.89866,-0.26775,-0.79728,-0.43342,-0.4201,0.64241,-0.14558,0.24775,0
-0.49361,0.067489,0.86706,-0.34743,0.89867,-0.26774,-0.79727,-0.4334,-0.42015,0.64244,-0.14557,0.24774,0
-0.49364,0.067476,0.86704,-0.3474,0.89869,-0.26773,-0.79727,-0.43337,-0.42019,0.64246,-0.14556,0.24773,0
-0.49367,0.067463,0.86703,-0.34737,0.8987,-0.26772,-0.79726,-0.43335,-0.42023,0.64249,-0.14555,0.24772,0
-0.4937,0.06745,0.86701,-0.34735,0.89871,-0.26771,-0.79725,-0.43332,-0.42027,0.64251,-0.14554,0.24771,0
-0.49373,0.067437,0.86699,-0.34732,0.89873,-0.2677,-0.79724,-0.43329,-0.42031,0.64254,-0.14553,0.2477,0
-0.49377,0.067424,0.86698,-0.34729,0.89874,-0.26769,-0.79724,-0.43327,-0.42035,0.64256,-0.14552,0.24769,0
-0.4938,0.067411,0.86696,-0.34726,0.89875,-0.26767,-0.79723,-0.43324,-0.42039,0.64259,-0.14551,0.24768,0
-0.49383,0.067398,0.86694,-0.34723,0.89877,-0.26766,-0.79722,-0.43321,-0.42044,0.64261,-0.1455,0.24767,0
-0.49386,0.067385,0.86693,-0.34721,0.89878,-0.26765,-0.79721,-0.43319,-0.42048,0.64264,-0.14549,0.24766,0
-0.49389,0.067372,0.86691,-0.34718,0.8988,-0.26764,-0.79721,-0.43316,-0.42052,0.64266,-0.14548,0.24765,0
-0.49393,0.067358,0.86689,-0.34715,0.89881,-0.26763,-0.7972,-0.43313,-0.42056,0.64269,-0.14547,0.24764,0
-0.49396,0.067345,0.86687,-0.34712,0.89882,-0.26762,-0.79719,-0.4331,-0.42061,0.64272,-0.14546,0.24763,0
-0.49399,0.067332,0.86686,-0.34709,0.89884,-0.26761,-0.79718,-0.43308,-0.42065,0.64274,-0.14545,0.24763,0
-0.49402,0.067318,0.86684,-0.34706,0.89885,-0.2676,-0.79717,-0.43305,-0.42069,0.64277,-0.14544,0.24762,0
-0.49406,0.067304,0.86682,-0.34703,0.89887,-0.26759,-0.79717,-0.43302,-0.42073,0.6428,-0.14543,0.24761,0
-0.49409,0.067291,0.8668,-0.34701,0.89888,-0.26758,-0.79716,-0.43299,-0.42078,0.64282,-0.14542,0.2476,0
-0.49412,0.067277,0.86678,-0.34698,0.8989,-0.26757,-0.79715,-0.43297,-0.42082,0.64285,-0.1454,0.24759,0
-0.49416,0.067263,0.86677,-0.34695,0.89891,-0.26756,-0.79714,-0.43294,-0.42087,0.64288,-0.14539,0.24758,0
-0.49419,0.06725,0.86675,-0.34692,0.89893,-0.26755,-0.79713,-0.43291,-0.42091,0.6429,-0.14538,0.24757,0
-0.49422,0.067236,0.86673,-0.34689,0.89894,-0.26754,-0.79713,-0.43288,-0.42095,0.64293,-0.14537,0.24756,0
-0.49426,0.067222,0.86671,-0.34686,0.89895,-0.26753,-0.79712,-0.43285,-0.421,0.64296,-0.14536,0.24755,0
-0.49429,0.067208,0.86669,-0.34683,0.89897,-0.26751,-0.79711,-0.43282,-0.42104,0.64298,-0.14535,0.24754,0
-0.49433,0.067194,0.86668,-0.3468,0.89898,-0.2675,-0.7971,-0.4328,-0.42109,0.64301,-0.14534,0.24753,0
-0.49436,0.06718,0.86666,-0.34677,0.899,-0.26749,-0.79709,-0.43277,-0.42113,0.64304,-0.14533,0.24752,0
-0.4944,0.067166,0.86664,-0.34674,0.89901,-0.26748,-0.79709,-0.43274,-0.42118,0.64307,-0.14532,0.2475,0
-0.49443,0.067151,0.86662,-0.34671,0.89903,-0.26747,-0.79708,-0.43271,-0.42123,0.64309,-0.1453,0.24749,0
-0.49446,0.067137,0.8666,-0.34668,0.89904,-0.26746,-0.79707,-0.43268,-0.42127,0.64312,-0.14529,0.24748,0
-0.4945,0.067123,0.86658,-0.34665,0.89906,-0.26745,-0.79706,-0.43265,-0.42132,0.64315,-0.14528,0.24747,0
-0.49453,0.067108,0.86656,-0.34662,0.89907,-0.26743,-0.79705,-0.43262,-0.42136,0.64318,-0.14527,0.24746,0
-0.49457,0.067094,0.86654,-0.34659,0.89909,-0.26742,-0.79704,-0.43259,-0.42141,0.64321,-0.14526,0.24745,0
-0.49461,0.067079,0.86653,-0.34655,0.89911,-0.26741,-0.79704,-0.43256,-0.42146,0.64324,-0.14525,0.24744,0
-0.49464,0.067065,0.86651,-0.34652,0.89912,-0.2674,-0.79703,-0.43253,-0.4215,0.64326,-0.14524,0.24743,0
-0.49468,0.06705,0.86649,-0.34649,0.89914,-0.26739,-0.79702,-0.4325,-0.42155,0.64329,-0.14522,0.24742,0
-0.49471,0.067035,0.86647,-0.34646,0.89915,-0.26738,-0.79701,-0.43247,-0.4216,0.64332,-0.14521,0.24741,0
-0.49475,0.067021,0.86645,-0.34643,0.89917,-0.26737,-0.797,-0.43244,-0.42164,0.64335,-0.1452,0.2474,0
-0.49478,0.067006,0.86643,-0.3464,0.89918,-0.26735,-0.79699,-0.43241,-0.42169,0.64338,-0.14519,0.24739,0
-0.49482,0.066991,0.86641,-0.34637,0.8992,-0.26734,-0.79698,-0.43238,-0.42174,0.64341,-0.14518,0.24738,0
-0.49486,0.066976,0.86639,-0.34633,0.89922,-0.26733,-0.79698,-0.43235,-0.42179,0.64344,-0.14517,0.24737,0
-0.49489,0.066961,0.86637,-0.3463,0.89923,-0.26732,-0.79697,-0.43232,-0.42184,0.64347,-0.14515,0.24736,0
-0.49493,0.066946,0.86635,-0.34627,0.89925,-0.26731,-0.79696,-0.43229,-0.42188,0.6435,-0.14514,0.24735,0
-0.49497,0.066931,0.86633,-0.34624,0.89926,-0.26729,-0.79695,-0.43226,-0.42193,0.64353,-0.14513,0.24733,0
-0.495,0.066916,0.86631,-0.3462,0.89928,-0.26728,-0.79694,-0.43223,-0.42198,0.64356,-0.14512,0.24732,0
-0.49504,0.0669,0.86629,-0.34617,0.8993,-0.26727,-0.79693,-0.4322,-0.42203,0.64359,-0.14511,0.24731,0
-0.49508,0.066885,0.86627,-0.34614,0.89931,-0.26726,-0.79692,-0.43216,-0.42208,0.64362,-0.14509,0.2473,0
-0.49512,0.06687,0.86625,-0.34611,0.89933,-0.26724,-0.79691,-0.43213,-0.42213,0.64365,-0.14508,0.24729,0
-0.49515,0.066854,0.86623,-0.34607,0.89934,-0.26723,-0.7969,-0.4321,-0.42218,0.64368,-0.14507,0.24728,0
-0.49519,0.066839,0.86621,-0.34604,0.89936,-0.26722,-0.79689,-0.43207,-0.42223,0.64371,-0.14506,0.24727,0
-0.49523,0.066823,0.86619,-0.34601,0.89938,-0.26721,-0.79689,-0.43204,-0.42228,0.64374,-0.14504,0.24726,0
-0.49527,0.066808,0.86617,-0.34597,0.89939,-0.2672,-0.79688,-0.43201,-0.42233,0.64377,-0.14503,0.24725,0
-0.49531,0.066792,0.86615,-0.34594,0.89941,-0.26718,-0.79687,-0.43197,-0.42238,0.6438,-0.14502,0.24723,0
-0.49534,0.066776,0.86613,-0.34591,0.89943,-0.26717,-0.79686,-0.43194,-0.42243,0.64383,-0.14501,0.24722,0
-0.49538,0.06676,0.86611,-0.34587,0.89944,-0.26716,-0.79685,-0.43191,-0.42248,0.64386,-0.14499,0.24721,0
-0.49542,0.066745,0.86608,-0.34584,0.89946,-0.26715,-0.79684,-0.43188,-0.42253,0.64389,-0.14498,0.2472,0
-0.49546,0.066729,0.86606,-0.34581,0.89948,-0.26713,-0.79683,-0.43184,-0.42258,0.64392,-0.14497,0.24719,0
-0.4955,0.066713,0.86604,-0.34577,0.89949,-0.26712,-0.79682,-0.43181,-0.42263,0.64395,-0.14496,0.24718,0
-0.49554,0.066697,0.86602,-0.34574,0.89951,-0.26711,-0.79681,-0.43178,-0.42268,0.64398,-0.14494,0.24716,0
-0.49558,0.066681,0.866,-0.3457,0.89953,-0.26709,-0.7968,-0.43174,-0.42273,0.64402,-0.14493,0.24715,0
-0.49562,0.066665,0.86598,-0.34567,0.89954,-0.26708,-0.79679,-0.43171,-0.42279,0.64405,-0.14492,0.24714,0
-0.49566,0.066648,0.86596,-0.34563,0.89956,-0.26707,-0.79678,-0.43168,-0.42284,0.64408,-0.1449,0.24713,0
-0.4957,0.066632,0.86594,-0.3456,0.89958,-0.26706,-0.79677,-0.43164,-0.42289,0.64411,-0.14489,0.24712,0
-0.49574,0.066616,0.86591,-0.34556,0.8996,-0.26704,-0.79676,-0.43161,-0.42294,0.64414,-0.14488,0.24711,0
-0.49578,0.066599,0.86589,-0.34553,0.89961,-0.26703,-0.79675,-0.43158,-0.42299,0.64417,-0.14487,0.24709,0
-0.49582,0.066583,0.86587,-0.34549,0.89963,-0.26702,-0.79674,-0.43154,-0.42305,0.64421,-0.14485,0.24708,0
-0.49586,0.066567,0.86585,-0.34546,0.89965,-0.267,-0.79673,-0.43151,-0.4231,0.64424,-0.14484,0.24707,0
-0.4959,0.06655,0.86583,-0.34542,0.89967,-0.26699,-0.79672,-0.43148,-0.42315,0.64427,-0.14483,0.24706,0
-0.49594,0.066533,0.86581,-0.34539,0.89968,-0.26698,-0.79671,-0.43144,-0.42321,0.6443,-0.14481,0.24705,0
-0.49598,0.066517,0.86578,-0.34535,0.8997,-0.26696,-0.7967,-0.43141,-0.42326,0.64434,-0.1448,0.24703,0
-0.49602,0.0665,0.86576,-0.34532,0.89972,-0.26695,-0.79669,-0.43137,-0.42331,0.64437,-0.14479,0.24702,0
-0.49606,0.066483,0.86574,-0.34528,0.89974,-0.26694,-0.79668,-0.43134,-0.42337,0.6444,-0.14477,0.24701,0
-0.4961,0.066466,0.86572,-0.34524,0.89975,-0.26692,-0.79667,-0.4313,-0.42342,0.64444,-0.14476,0.247,0
-0.49614,0.06645,0.8657,-0.34521,0.89977,-0.26691,-0.79666,-0.43127,-0.42348,0.64447,-0.14475,0.24698,0
-0.49618,0.066433,0.86567,-0.34517,0.89979,-0.2669,-0.79665,-0.43123,-0.42353,0.6445,-0.14473,0.24697,0
-0.49622,0.066416,0.86565,-0.34514,0.89981,-0.26688,-0.79664,-0.4312,-0.42358,0.64453,-0.14472,0.24696,0
-0.49627,0.066399,0.86563,-0.3451,0.89983,-0.26687,-0.79663,-0.43116,-0.42364,0.64457,-0.1447,0.24695,0
-0.49631,0.066381,0.8656,-0.34506,0.89985,-0.26685,-0.79662,-0.43113,-0.42369,0.6446,-0.14469,0.24694,0
-0.49635,0.066364,0.86558,-0.34503,0.89986,-0.26684,-0.79661,-0.43109,-0.42375,0.64464,-0.14468,0.24692,0
-0.49639,0.066347,0.86556,-0.34499,0.89988,-0.26683,-0.7966,-0.43106,-0.42381,0.64467,-0.14466,0.24691,0
-0.49643,0.06633,0.86554,-0.34495,0.8999,-0.26681,-0.79659,-0.43102,-0.42386,0.6447,-0.14465,0.2469,0
-0.49648,0.066312,0.86551,-0.34491,0.89992,-0.2668,-0.79658,-0.43099,-0.42392,0.64474,-0.14464,0.24688,0
-0.49652,0.066295,0.86549,-0.34488,0.89994,-0.26678,-0.79657,-0.43095,-0.42397,0.64477,-0.14462,0.24687,0
-0.49656,0.066277,0.86547,-0.34484,0.89996,-0.26677,-0.79656,-0.43091,-0.42403,0.64481,-0.14461,0.24686,0
-0.49661,0.06626,0.86544,-0.3448,0.89997,-0.26676,-0.79655,-0.43088,-0.42409,0.64484,-0.14459,0.24685,0
-0.49665,0.066242,0.86542,-0.34476,0.89999,-0.26674,-0.79654,-0.43084,-0.42414,0.64488,-0.14458,0.24683,0
-0.49669,0.066225,0.8654,-0.34473,0.90001,-0.26673,-0.79653,-0.43081,-0.4242,0.64491,-0.14457,0.24682,0
-0.49673,0.066207,0.86537,-0.34469,0.90003,-0.26671,-0.79652,-0.43077,-0.42426,0.64494,-0.14455,0.24681,0
-0.49678,0.066189,0.86535,-0.34465,0.90005,-0.2667,-0.79651,-0.43073,-0.42431,0.64498,-0.14454,0.2468,0
-0.49682,0.066171,0.86533,-0.34461,0.90007,-0.26668,-0.7965,-0.4307,-0.42437,0.64501,-0.14452,0.24678,0
-0.49687,0.066154,0.8653,-0.34457,0.90009,-0.26667,-0.79649,-0.43066,-0.42443,0.64505,-0.14451,0.24677,0
-0.49691,0.066136,0.86528,-0.34453,0.90011,-0.26666,-0.79648,-0.43062,-0.42448,0.64508,-0.14449,0.24676,0
-0.49695,0.066118,0.86525,-0.3445,0.90012,-0.26664,-0.79647,-0.43059,-0.42454,0.64512,-0.14448,0.24674,0
-0.497,0.0661,0.86523,-0.34446,0.90014,-0.26663,-0.79646,-0.43055,-0.4246,0.64516,-0.14447,0.24673,0
-0.49704,0.066082,0.86521,-0.34442,0.90016,-0.26661,-0.79645,-0.43051,-0.42466,0.64519,-0.14445,0.24672,0
-0.49709,0.066063,0.86518,-0.34438,0.90018,-0.2666,-0.79643,-0.43047,-0.42472,0.64523,-0.14444,0.2467,0
-0.49713,0.066045,0.86516,-0.34434,0.9002,-0.26658,-0.79642,-0.43044,-0.42478,0.64526,-0.14442,0.24669,0
-0.49718,0.066027,0.86513,-0.3443,0.90022,-0.26657,-0.79641,-0.4304,-0.42483,0.6453,-0.14441,0.24668,0
-0.49722,0.066009,0.86511,-0.34426,0.90024,-0.26655,-0.7964,-0.43036,-0.42489,0.64533,-0.14439,0.24666,0
-0.49727,0.06599,0.86509,-0.34422,0.90026,-0.26654,-0.79639,-0.43032,-0.42495,0.64537,-0.14438,0.24665,0
-0.49731,0.065972,0.86506,-0.34418,0.90028,-0.26652,-0.79638,-0.43028,-0.42501,0.64541,-0.14436,0.24664,0
-0.49736,0.065953,0.86504,-0.34414,0.9003,-0.26651,-0.79637,-0.43025,-0.42507,0.64544,-0.14435,0.24662,0
-0.4974,0.065935,0.86501,-0.3441,0.90032,-0.26649,-0.79636,-0.43021,-0.42513,0.64548,-0.14433,0.24661,0
-0.49745,0.065916,0.86499,-0.34406,0.90034,-0.26648,-0.79635,-0.43017,-0.42519,0.64552,-0.14432,0.2466,0
-0.49749,0.065898,0.86496,-0.34402,0.90036,-0.26646,-0.79633,-0.43013,-0.42525,0.64555,-0.1443,0.24658,0
-0.49754,0.065879,0.86494,-0.34398,0.90038,-0.26645,-0.79632,-0.43009,-0.42531,0.64559,-0.14429,0.24657,0
-0.49758,0.06586,0.86491,-0.34394,0.9004,-0.26643,-0.79631,-0.43005,-0.42537,0.64563,-0.14427,0.24655,0
-0.49763,0.065841,0.86489,-0.3439,0.90042,-0.26642,-0.7963,-0.43001,-0.42543,0.64566,-0.14426,0.24654,0
-0.49768,0.065822,0.86486,-0.34386,0.90044,-0.2664,-0.79629,-0.42997,-0.42549,0.6457,-0.14424,0.24653,0
-0.49772,0.065803,0.86484,-0.34382,0.90046,-0.26639,-0.79628,-0.42994,-0.42555,0.64574,-0.14423,0.24651,0
-0.49777,0.065784,0.86481,-0.34378,0.90048,-0.26637,-0.79627,-0.4299,-0.42562,0.64578,-0.14421,0.2465,0
-0.49782,0.065765,0.86479,-0.34374,0.9005,-0.26636,-0.79626,-0.42986,-0.42568,0.64581,-0.1442,0.24649,0
-0.49786,0.065746,0.86476,-0.3437,0.90052,-0.26634,-0.79624,-0.42982,-0.42574,0.64585,-0.14418,0.24647,0
-0.49791,0.065727,0.86473,-0.34366,0.90054,-0.26632,-0.79623,-0.42978,-0.4258,0.64589,-0.14417,0.24646,0
-0.49796,0.065708,0.86471,-0.34362,0.90056,-0.26631,-0.79622,-0.42974,-0.42586,0.64593,-0.14415,0.24644,0
-0.498,0.065689,0.86468,-0.34357,0.90058,-0.26629,-0.79621,-0.4297,-0.42592,0.64596,-0.14414,0.24643,0
-0.49805,0.065669,0.86466,-0.34353,0.9006,-0.26628,-0.7962,-0.42966,-0.42599,0.646,-0.14412,0.24642,0
-0.4981,0.06565,0.86463,-0.34349,0.90062,-0.26626,-0.79619,-0.42962,-0.42605,0.64604,-0.14411,0.2464,0
-0.49815,0.06563,0.8646,-0.34345,0.90064,-0.26625,-0.79617,-0.42958,-0.42611,0.64608,-0.14409,0.24639,0
-0.4982,0.065611,0.86458,-0.34341,0.90066,-0.26623,-0.79616,-0.42954,-0.42617,0.64612,-0.14407,0.24637,0
-0.49824,0.065591,0.86455,-0.34336,0.90068,-0.26621,-0.79615,-0.4295,-0.42624,0.64616,-0.14406,0.24636,0
-0.49829,0.065572,0.86453,-0.34332,0.9007,-0.2662,-0.79614,-0.42946,-0.4263,0.6462,-0.14404,0.24634,0
-0.49834,0.065552,0.8645,-0.34328,0.90073,-0.26618,-0.79613,-0.42941,-0.42636,0.64623,-0.14403,0.24633,0
-0.49839,0.065532,0.86447,-0.34324,0.90075,-0.26617,-0.79611,-0.42937,-0.42643,0.64627,-0.14401,0.24631,0
-0.49844,0.065513,0.86445,-0.34319,0.90077,-0.26615,-0.7961,-0.42933,-0.42649,0.64631,-0.144,0.2463,0
-0.49849,0.065493,0.86442,-0.34315,0.90079,-0.26613,-0.79609,-0.42929,-0.42656,0.64635,-0.14398,0.24629,0
-0.49853,0.065473,0.86439,-0.34311,0.90081,-0.26612,-0.79608,-0.42925,-0.42662,0.64639,-0.14396,0.24627,0
-0.49858,0.065453,0.86437,-0.34307,0.90083,-0.2661,-0.79607,-0.42921,-0.42668,0.64643,-0.14395,0.24626,0
-0.49863,0.065433,0.86434,-0.34302,0.90085,-0.26608,-0.79605,-0.42917,-0.42675,0.64647,-0.14393,0.24624,0
-0.49868,0.065413,0.86431,-0.34298,0.90087,-0.26607,-0.79604,-0.42913,-0.42681,0.64651,-0.14392,0.24623,0
-0.49873,0.065393,0.86429,-0.34294,0.90089,-0.26605,-0.79603,-0.42908,-0.42688,0.64655,-0.1439,0.24621,0
-0.49878,0.065373,0.86426,-0.34289,0.90092,-0.26604,-0.79602,-0.42904,-0.42694,0.64659,-0.14388,0.2462,0
-0.49883,0.065352,0.86423,-0.34285,0.90094,-0.26602,-0.796,-0.429,-0.42701,0.64663,-0.14387,0.24618,0
-0.49888,0.065332,0.8642,-0.34281,0.90096,-0.266,-0.79599,-0.42896,-0.42707,0.64667,-0.14385,0.24617,0
-0.49893,0.065312,0.86418,-0.34276,0.90098,-0.26599,-0.79598,-0.42892,-0.42714,0.64671,-0.14383,0.24615,0
-0.49898,0.065291,0.86415,-0.34272,0.901,-0.26597,-0.79597,-0.42887,-0.42721,0.64675,-0.14382,0.24614,0
-0.49903,0.065271,0.86412,-0.34267,0.90102,-0.26595,-0.79595,-0.42883,-0.42727,0.64679,-0.1438,0.24612,0
-0.49908,0.06525,0.8641,-0.34263,0.90105,-0.26594,-0.79594,-0.42879,-0.42734,0.64683,-0.14378,0.24611,0
-0.49913,0.06523,0.86407,-0.34259,0.90107,-0.26592,-0.79593,-0.42875,-0.4274,0.64687,-0.14377,0.24609,0
-0.49918,0.065209,0.86404,-0.34254,0.90109,-0.2659,-0.79592,-0.4287,-0.42747,0.64691,-0.14375,0.24608,0
-0.49923,0.065189,0.86401,-0.3425,0.90111,-0.26588,-0.7959,-0.42866,-0.42754,0.64695,-0.14373,0.24606,0
-0.49928,0.065168,0.86398,-0.34245,0.90113,-0.26587,-0.79589,-0.42862,-0.4276,0.64699,-0.14372,0.24605,0
-0.49934,0.065147,0.86396,-0.34241,0.90116,-0.26585,-0.79588,-0.42857,-0.42767,0.64703,-0.1437,0.24603,0
-0.49939,0.065126,0.86393,-0.34236,0.90118,-0.26583,-0.79587,-0.42853,-0.42774,0.64707,-0.14368,0.24602,0
-0.49944,0.065106,0.8639,-0.34232,0.9012,-0.26582,-0.79585,-0.42849,-0.42781,0.64712,-0.14367,0.246,0
-0.49949,0.065085,0.86387,-0.34227,0.90122,-0.2658,-0.79584,-0.42844,-0.42787,0.64716,-0.14365,0.24599,0
-0.49954,0.065064,0.86384,-0.34223,0.90124,-0.26578,-0.79583,-0.4284,-0.42794,0.6472,-0.14363,0.24597,0
-0.49959,0.065043,0.86382,-0.34218,0.90127,-0.26576,-0.79581,-0.42836,-0.42801,0.64724,-0.14362,0.24596,0
-0.49964,0.065022,0.86379,-0.34214,0.90129,-0.26575,-0.7958,-0.42831,-0.42808,0.64728,-0.1436,0.24594,0
-0.4997,0.065,0.86376,-0.34209,0.90131,-0.26573,-0.79579,-0.42827,-0.42815,0.64732,-0.14358,0.24592,0
-0.49975,0.064979,0.86373,-0.34204,0.90133,-0.26571,-0.79577,-0.42822,-0.42821,0.64737,-0.14357,0.24591,0
-0.4998,0.064958,0.8637,-0.342,0.90136,-0.2657,-0.79576,-0.42818,-0.42828,0.64741,-0.14355,0.24589,0
-0.49985,0.064937,0.86367,-0.34195,0.90138,-0.26568,-0.79575,-0.42813,-0.42835,0.64745,-0.14353,0.24588,0
-0.49991,0.064915,0.86364,-0.34191,0.9014,-0.26566,-0.79574,-0.42809,-0.42842,0.64749,-0.14351,0.24586,0
-0.49996,0.064894,0.86361,-0.34186,0.90142,-0.26564,-0.79572,-0.42805,-0.42849,0.64754,-0.1435,0.24585,0
-0.50001,0.064872,0.86359,-0.34181,0.90145,-0.26562,-0.79571,-0.428,-0.42856,0.64758,-0.14348,0.24583,0
-0.50006,0.064851,0.86356,-0.34177,0.90147,-0.26561,-0.7957,-0.42796,-0.42863,0.64762,-0.14346,0.24581,0
-0.50012,0.064829,0.86353,-0.34172,0.90149,-0.26559,-0.79568,-0.42791,-0.4287,0.64766,-0.14345,0.2458,0
-0.50017,0.064808,0.8635,-0.34167,0.90152,-0.26557,-0.79567,-0.42787,-0.42877,0.64771,-0.14343,0.24578,0
-0.50022,0.064786,0.86347,-0.34163,0.90154,-0.26555,-0.79565,-0.42782,-0.42884,0.64775,-0.14341,0.24577,0
-0.50028,0.064764,0.86344,-0.34158,0.90156,-0.26554,-0.79564,-0.42777,-0.42891,0.64779,-0.14339,0.24575,0
-0.50033,0.064743,0.86341,-0.34153,0.90159,-0.26552,-0.79563,-0.42773,-0.42898,0.64784,-0.14337,0.24573,0
-0.50039,0.064721,0.86338,-0.34148,0.90161,-0.2655,-0.79561,-0.42768,-0.42905,0.64788,-0.14336,0.24572,0
-0.50044,0.064699,0.86335,-0.34144,0.90163,-0.26548,-0.7956,-0.42764,-0.42912,0.64792,-0.14334,0.2457,0
-0.50049,0.064677,0.86332,-0.34139,0.90166,-0.26546,-0.79559,-0.42759,-0.42919,0.64797,-0.14332,0.24569,0
-0.50055,0.064655,0.86329,-0.34134,0.90168,-0.26544,-0.79557,-0.42755,-0.42926,0.64801,-0.1433,0.24567,0
-0.5006,0.064633,0.86326,-0.34129,0.9017,-0.26543,-0.79556,-0.4275,-0.42934,0.64805,-0.14329,0.24565,0
-0.50066,0.064611,0.86323,-0.34125,0.90173,-0.26541,-0.79555,-0.42745,-0.42941,0.6481,-0.14327,0.24564,0
-0.50071,0.064589,0.8632,-0.3412,0.90175,-0.26539,-0.79553,-0.42741,-0.42948,0.64814,-0.14325,0.24562,0
-0.50077,0.064566,0.86317,-0.34115,0.90177,-0.26537,-0.79552,-0.42736,-0.42955,0.64818,-0.14323,0.24561,0
-0.50082,0.064544,0.86314,-0.3411,0.9018,-0.26535,-0.7955,-0.42731,-0.42962,0.64823,-0.14321,0.24559,0
-0.50088,0.064522,0.86311,-0.34105,0.90182,-0.26533,-0.79549,-0.42727,-0.4297,0.64827,-0.1432,0.24557,0
-0.50093,0.0645,0.86308,-0.34101,0.90184,-0.26532,-0.79548,-0.42722,-0.42977,0.64832,-0.14318,0.24556,0
-0.50099,0.064477,0.86305,-0.34096,0.90187,-0.2653,-0.79546,-0.42717,-0.42984,0.64836,-0.14316,0.24554,0
-0.50104,0.064455,0.86302,-0.34091,0.90189,-0.26528,-0.79545,-0.42713,-0.42991,0.64841,-0.14314,0.24552,0
-0.5011,0.064432,0.86299,-0.34086,0.90192,-0.26526,-0.79543,-0.42708,-0.42999,0.64845,-0.14312,0.24551,0
-0.50115,0.06441,0.86296,-0.34081,0.90194,-0.26524,-0.79542,-0.42703,-0.43006,0.6485,-0.14311,0.24549,0
-0.50121,0.064387,0.86293,-0.34076,0.90196,-0.26522,-0.79541,-0.42698,-0.43013,0.64854,-0.14309,0.24547,0
-0.50127,0.064364,0.8629,-0.34071,0.90199,-0.2652,-0.79539,-0.42694,-0.43021,0.64859,-0.14307,0.24546,0
-0.50132,0.064342,0.86287,-0.34066,0.90201,-0.26518,-0.79538,-0.42689,-0.43028,0.64863,-0.14305,0.24544,0
-0.50138,0.064319,0.86283,-0.34061,0.90204,-0.26517,-0.79536,-0.42684,-0.43035,0.64868,-0.14303,0.24542,0
-0.50143,0.064296,0.8628,-0.34056,0.90206,-0.26515,-0.79535,-0.42679,-0.43043,0.64872,-0.14301,0.24541,0
-0.50149,0.064273,0.86277,-0.34051,0.90209,-0.26513,-0.79533,-0.42675,-0.4305,0.64877,-0.143,0.24539,0
-0.50155,0.06425,0.86274,-0.34046,0.90211,-0.26511,-0.79532,-0.4267,-0.43058,0.64881,-0.14298,0.24537,0
-0.50161,0.064227,0.86271,-0.34041,0.90213,-0.26509,-0.79531,-0.42665,-0.43065,0.64886,-0.14296,0.24535,0
-0.50166,0.064204,0.86268,-0.34036,0.90216,-0.26507,-0.79529,-0.4266,-0.43073,0.64891,-0.14294,0.24534,0
-0.50172,0.064181,0.86265,-0.34031,0.90218,-0.26505,-0.79528,-0.42655,-0.4308,0.64895,-0.14292,0.24532,0
-0.50178,0.064158,0.86261,-0.34026,0.90221,-0.26503,-0.79526,-0.4265,-0.43088,0.649,-0.1429,0.2453,0
-0.50183,0.064135,0.86258,-0.34021,0.90223,-0.26501,-0.79525,-0.42645,-0.43095,0.64904,-0.14288,0.24529,0
-0.50189,0.064111,0.86255,-0.34016,0.90226,-0.26499,-0.79523,-0.42641,-0.43103,0.64909,-0.14286,0.24527,0
-0.50195,0.064088,0.86252,-0.34011,0.90228,-0.26497,-0.79522,-0.42636,-0.4311,0.64914,-0.14285,0.24525,0
